x <-
1:5
y <-
c(0.3107198188809589, 1.2773206690650929, -1.1902002045262938, 
-0.9486823264823121, 0.10307052033399731)
